27
NULL 0 Common 0
Joined 7 0,255,0,255,0,0,0,0,0,0 Latin 1 0 1 Joined	# Joined [4a 6f 69 6e 65 64 ]a
|Broken|0|1 15 0,255,0,255,0,0,0,0,0,0 Common 2 10 2 |Broken|0|1	# Broken
\n 0 0,255,0,255,0,0,0,0,0,0 Common 0 10 0 \n	# \n [a ]p
ᜉ 1 0,255,0,255,0,0,0,0,0,0 Tagalog 3 0 3 ᜉ	# ᜉ [1709 ]x
ᜆ 1 0,255,0,255,0,0,0,0,0,0 Tagalog 4 0 4 ᜆ	# ᜆ [1706 ]x
ᜈ 1 0,255,0,255,0,0,0,0,0,0 Tagalog 5 0 5 ᜈ	# ᜈ [1708 ]x
᜔ 0 0,255,0,255,0,0,0,0,0,0 Tagalog 6 17 6 ᜔	# ᜔ [1714 ]
ᜇ 1 0,255,0,255,0,0,0,0,0,0 Tagalog 7 0 7 ᜇ	# ᜇ [1707 ]x
ᜁ 1 0,255,0,255,0,0,0,0,0,0 Tagalog 8 0 8 ᜁ	# ᜁ [1701 ]x
᜵ 16 0,255,0,255,0,0,0,0,0,0 Common 9 0 9 ᜵	# ᜵ [1735 ]p
ᜓ 0 0,255,0,255,0,0,0,0,0,0 Tagalog 10 17 10 ᜓ	# ᜓ [1713 ]
ᜋ 1 0,255,0,255,0,0,0,0,0,0 Tagalog 11 0 11 ᜋ	# ᜋ [170b ]x
ᜒ 0 0,255,0,255,0,0,0,0,0,0 Tagalog 12 17 12 ᜒ	# ᜒ [1712 ]
ᜎ 1 0,255,0,255,0,0,0,0,0,0 Tagalog 13 0 13 ᜎ	# ᜎ [170e ]x
ᜅ 1 0,255,0,255,0,0,0,0,0,0 Tagalog 14 0 14 ᜅ	# ᜅ [1705 ]x
᜶ 16 0,255,0,255,0,0,0,0,0,0 Common 15 0 15 ᜶	# ᜶ [1736 ]p
ᜐ 1 0,255,0,255,0,0,0,0,0,0 Tagalog 16 0 16 ᜐ	# ᜐ [1710 ]x
ᜃ 1 0,255,0,255,0,0,0,0,0,0 Tagalog 17 0 17 ᜃ	# ᜃ [1703 ]x
ᜏ 1 0,255,0,255,0,0,0,0,0,0 Tagalog 18 0 18 ᜏ	# ᜏ [170f ]x
ᜄ 1 0,255,0,255,0,0,0,0,0,0 Tagalog 19 0 19 ᜄ	# ᜄ [1704 ]x
ᜊ 1 0,255,0,255,0,0,0,0,0,0 Tagalog 20 0 20 ᜊ	# ᜊ [170a ]x
ᜑ 1 0,255,0,255,0,0,0,0,0,0 Tagalog 21 0 21 ᜑ	# ᜑ [1711 ]x
ᜌ 1 0,255,0,255,0,0,0,0,0,0 Tagalog 22 0 22 ᜌ	# ᜌ [170c ]x
ᜍ 1 0,255,0,255,0,0,0,0,0,0 Tagalog 23 0 23 ᜍ	# ᜍ [170d ]x
ᜀ 1 0,255,0,255,0,0,0,0,0,0 Tagalog 24 0 24 ᜀ	# ᜀ [1700 ]x
ᜂ 1 0,255,0,255,0,0,0,0,0,0 Tagalog 25 0 25 ᜂ	# ᜂ [1702 ]x
