24
NULL 0 Common 0
Joined 7 0,255,0,255,0,0,0,0,0,0 Latin 1 0 1 Joined	# Joined [4a 6f 69 6e 65 64 ]a
|Broken|0|1 15 0,255,0,255,0,0,0,0,0,0 Common 2 10 2 |Broken|0|1	# Broken
ᜎ 1 0,255,0,255,0,0,0,0,0,0 Tagalog 3 0 3 ᜎ	# ᜎ [170e ]x
ᜒ 0 0,255,0,255,0,0,0,0,0,0 Tagalog 4 17 4 ᜒ	# ᜒ [1712 ]
ᜉ 1 0,255,0,255,0,0,0,0,0,0 Tagalog 5 0 5 ᜉ	# ᜉ [1709 ]x
᜔ 0 0,255,0,255,0,0,0,0,0,0 Tagalog 6 17 6 ᜔	# ᜔ [1714 ]
ᜍ 1 0,255,0,255,0,0,0,0,0,0 Tagalog 7 0 7 ᜍ	# ᜍ [170d ]x
ᜓ 0 0,255,0,255,0,0,0,0,0,0 Tagalog 8 17 8 ᜓ	# ᜓ [1713 ]
ᜐ 1 0,255,0,255,0,0,0,0,0,0 Tagalog 9 0 9 ᜐ	# ᜐ [1710 ]x
ᜅ 1 0,255,0,255,0,0,0,0,0,0 Tagalog 10 0 10 ᜅ	# ᜅ [1705 ]x
ᜋ 1 0,255,0,255,0,0,0,0,0,0 Tagalog 11 0 11 ᜋ	# ᜋ [170b ]x
ᜌ 1 0,255,0,255,0,0,0,0,0,0 Tagalog 12 0 12 ᜌ	# ᜌ [170c ]x
ᜑ 1 0,255,0,255,0,0,0,0,0,0 Tagalog 13 0 13 ᜑ	# ᜑ [1711 ]x
ᜇ 1 0,255,0,255,0,0,0,0,0,0 Tagalog 14 0 14 ᜇ	# ᜇ [1707 ]x
ᜆ 1 0,255,0,255,0,0,0,0,0,0 Tagalog 15 0 15 ᜆ	# ᜆ [1706 ]x
ᜄ 1 0,255,0,255,0,0,0,0,0,0 Tagalog 16 0 16 ᜄ	# ᜄ [1704 ]x
ᜊ 1 0,255,0,255,0,0,0,0,0,0 Tagalog 17 0 17 ᜊ	# ᜊ [170a ]x
ᜀ 1 0,255,0,255,0,0,0,0,0,0 Tagalog 18 0 18 ᜀ	# ᜀ [1700 ]x
ᜈ 1 0,255,0,255,0,0,0,0,0,0 Tagalog 19 0 19 ᜈ	# ᜈ [1708 ]x
ᜃ 1 0,255,0,255,0,0,0,0,0,0 Tagalog 20 0 20 ᜃ	# ᜃ [1703 ]x
ᜁ 1 0,255,0,255,0,0,0,0,0,0 Tagalog 21 0 21 ᜁ	# ᜁ [1701 ]x
ᜏ 1 0,255,0,255,0,0,0,0,0,0 Tagalog 22 0 22 ᜏ	# ᜏ [170f ]x
ᜂ 1 0,255,0,255,0,0,0,0,0,0 Tagalog 23 0 23 ᜂ	# ᜂ [1702 ]x
