24
NULL 0 Common 0
Joined 7 0,255,0,255,0,0,0,0,0,0 Latin 1 0 1 Joined	# Joined [4a 6f 69 6e 65 64 ]a
|Broken|0|1 15 0,255,0,255,0,0,0,0,0,0 Common 2 10 2 |Broken|0|1	# Broken
ᜋ 1 0,255,0,255,0,0,0,0,0,0 Tagalog 3 0 3 ᜋ	# ᜋ [170b ]x
ᜀ 1 0,255,0,255,0,0,0,0,0,0 Tagalog 4 0 4 ᜀ	# ᜀ [1700 ]x
ᜓ 0 0,255,0,255,0,0,0,0,0,0 Tagalog 5 17 5 ᜓ	# ᜓ [1713 ]
ᜑ 1 0,255,0,255,0,0,0,0,0,0 Tagalog 6 0 6 ᜑ	# ᜑ [1711 ]x
ᜒ 0 0,255,0,255,0,0,0,0,0,0 Tagalog 7 17 7 ᜒ	# ᜒ [1712 ]
ᜊ 1 0,255,0,255,0,0,0,0,0,0 Tagalog 8 0 8 ᜊ	# ᜊ [170a ]x
ᜎ 1 0,255,0,255,0,0,0,0,0,0 Tagalog 9 0 9 ᜎ	# ᜎ [170e ]x
᜔ 0 0,255,0,255,0,0,0,0,0,0 Tagalog 10 17 10 ᜔	# ᜔ [1714 ]
ᜌ 1 0,255,0,255,0,0,0,0,0,0 Tagalog 11 0 11 ᜌ	# ᜌ [170c ]x
ᜉ 1 0,255,0,255,0,0,0,0,0,0 Tagalog 12 0 12 ᜉ	# ᜉ [1709 ]x
ᜈ 1 0,255,0,255,0,0,0,0,0,0 Tagalog 13 0 13 ᜈ	# ᜈ [1708 ]x
ᜐ 1 0,255,0,255,0,0,0,0,0,0 Tagalog 14 0 14 ᜐ	# ᜐ [1710 ]x
ᜅ 1 0,255,0,255,0,0,0,0,0,0 Tagalog 15 0 15 ᜅ	# ᜅ [1705 ]x
ᜆ 1 0,255,0,255,0,0,0,0,0,0 Tagalog 16 0 16 ᜆ	# ᜆ [1706 ]x
ᜍ 1 0,255,0,255,0,0,0,0,0,0 Tagalog 17 0 17 ᜍ	# ᜍ [170d ]x
ᜄ 1 0,255,0,255,0,0,0,0,0,0 Tagalog 18 0 18 ᜄ	# ᜄ [1704 ]x
ᜃ 1 0,255,0,255,0,0,0,0,0,0 Tagalog 19 0 19 ᜃ	# ᜃ [1703 ]x
ᜇ 1 0,255,0,255,0,0,0,0,0,0 Tagalog 20 0 20 ᜇ	# ᜇ [1707 ]x
ᜁ 1 0,255,0,255,0,0,0,0,0,0 Tagalog 21 0 21 ᜁ	# ᜁ [1701 ]x
ᜂ 1 0,255,0,255,0,0,0,0,0,0 Tagalog 22 0 22 ᜂ	# ᜂ [1702 ]x
ᜏ 1 0,255,0,255,0,0,0,0,0,0 Tagalog 23 0 23 ᜏ	# ᜏ [170f ]x
